v1	Id(M1)
Step Information: V2=0  (Run: 1/7)
0.000000000000000e+000	0.000000e+000
1.000000000000000e-002	1.599283e-010
2.000000000000000e-002	2.772341e-010
3.000000000000000e-002	3.594584e-010
4.000000000000000e-002	4.157169e-010
5.000000000000000e-002	4.548587e-010
6.000000000000001e-002	4.836871e-010
7.000000000000001e-002	5.065657e-010
8.000000000000000e-002	5.260285e-010
9.000000000000000e-002	5.435046e-010
9.999999999999999e-002	5.598108e-010
1.100000000000000e-001	5.754301e-010
1.200000000000000e-001	5.906599e-010
1.300000000000000e-001	6.056915e-010
1.400000000000000e-001	6.206530e-010
1.500000000000000e-001	6.356333e-010
1.600000000000000e-001	6.506971e-010
1.700000000000000e-001	6.658921e-010
1.800000000000000e-001	6.812557e-010
1.900000000000000e-001	6.968174e-010
2.000000000000000e-001	7.126013e-010
2.100000000000001e-001	7.286277e-010
2.200000000000001e-001	7.449143e-010
2.300000000000001e-001	7.614766e-010
2.400000000000001e-001	7.783285e-010
2.500000000000001e-001	7.954828e-010
2.600000000000001e-001	8.129515e-010
2.700000000000001e-001	8.307458e-010
2.800000000000001e-001	8.488765e-010
2.900000000000001e-001	8.673541e-010
3.000000000000001e-001	8.861887e-010
3.100000000000001e-001	9.053903e-010
3.200000000000001e-001	9.249687e-010
3.300000000000001e-001	9.449337e-010
3.400000000000001e-001	9.652950e-010
3.500000000000001e-001	9.860623e-010
3.600000000000002e-001	1.007246e-009
3.700000000000002e-001	1.028855e-009
3.800000000000002e-001	1.050899e-009
3.900000000000002e-001	1.073389e-009
4.000000000000002e-001	1.096336e-009
4.100000000000002e-001	1.119748e-009
4.200000000000002e-001	1.143637e-009
4.300000000000002e-001	1.168012e-009
4.400000000000002e-001	1.192886e-009
4.500000000000002e-001	1.218268e-009
4.600000000000002e-001	1.244171e-009
4.700000000000003e-001	1.270604e-009
4.800000000000003e-001	1.297581e-009
4.900000000000003e-001	1.325112e-009
5.000000000000002e-001	1.353209e-009
5.100000000000002e-001	1.381885e-009
5.200000000000002e-001	1.411153e-009
5.300000000000003e-001	1.441024e-009
5.400000000000003e-001	1.471512e-009
5.500000000000003e-001	1.502631e-009
5.600000000000003e-001	1.534393e-009
5.700000000000003e-001	1.566813e-009
5.800000000000003e-001	1.599904e-009
5.900000000000003e-001	1.633682e-009
6.000000000000003e-001	1.668160e-009
6.100000000000003e-001	1.703355e-009
6.200000000000003e-001	1.739280e-009
6.300000000000003e-001	1.775953e-009
6.400000000000004e-001	1.813390e-009
6.500000000000004e-001	1.851606e-009
6.600000000000004e-001	1.890618e-009
6.700000000000004e-001	1.930445e-009
6.800000000000004e-001	1.971103e-009
6.900000000000004e-001	2.012611e-009
7.000000000000004e-001	2.054986e-009
7.100000000000004e-001	2.098249e-009
7.200000000000004e-001	2.142419e-009
7.300000000000004e-001	2.187515e-009
7.400000000000004e-001	2.233558e-009
7.500000000000004e-001	2.280569e-009
7.600000000000005e-001	2.328569e-009
7.700000000000005e-001	2.377580e-009
7.800000000000005e-001	2.427625e-009
7.900000000000005e-001	2.478726e-009
8.000000000000005e-001	2.530907e-009
8.100000000000005e-001	2.584194e-009
8.200000000000005e-001	2.638610e-009
8.300000000000005e-001	2.694181e-009
8.400000000000005e-001	2.750933e-009
8.500000000000005e-001	2.808894e-009
8.600000000000005e-001	2.868091e-009
8.700000000000006e-001	2.928552e-009
8.800000000000006e-001	2.990308e-009
8.900000000000006e-001	3.053386e-009
9.000000000000006e-001	3.117820e-009
9.100000000000006e-001	3.183640e-009
9.200000000000006e-001	3.250880e-009
9.300000000000006e-001	3.319572e-009
9.400000000000006e-001	3.389752e-009
9.500000000000006e-001	3.461455e-009
9.600000000000006e-001	3.534718e-009
9.700000000000006e-001	3.609578e-009
9.800000000000007e-001	3.686075e-009
9.900000000000007e-001	3.764249e-009
1.000000000000001e+000	3.844141e-009
1.010000000000001e+000	3.925794e-009
1.020000000000001e+000	4.009252e-009
1.030000000000001e+000	4.094560e-009
1.040000000000001e+000	4.181766e-009
1.050000000000001e+000	4.270918e-009
1.060000000000001e+000	4.362065e-009
1.070000000000001e+000	4.455261e-009
1.080000000000001e+000	4.550558e-009
1.090000000000001e+000	4.648012e-009
1.100000000000001e+000	4.747680e-009
1.110000000000001e+000	4.849621e-009
1.120000000000001e+000	4.953896e-009
1.130000000000001e+000	5.060571e-009
1.140000000000001e+000	5.169709e-009
1.150000000000001e+000	5.281380e-009
1.160000000000001e+000	5.395655e-009
1.170000000000001e+000	5.512606e-009
1.180000000000001e+000	5.632311e-009
1.190000000000001e+000	5.754849e-009
1.200000000000001e+000	5.880301e-009
1.210000000000001e+000	6.008755e-009
1.220000000000001e+000	6.140298e-009
1.230000000000001e+000	6.275025e-009
1.240000000000001e+000	6.413030e-009
1.250000000000001e+000	6.554416e-009
1.260000000000001e+000	6.699288e-009
1.270000000000001e+000	6.847754e-009
1.280000000000001e+000	6.999930e-009
1.290000000000001e+000	7.155935e-009
1.300000000000001e+000	7.315895e-009
1.310000000000001e+000	7.479941e-009
1.320000000000001e+000	7.648210e-009
1.330000000000001e+000	7.820848e-009
1.340000000000001e+000	7.998006e-009
1.350000000000001e+000	8.179844e-009
1.360000000000001e+000	8.366531e-009
1.370000000000001e+000	8.558247e-009
1.380000000000001e+000	8.755180e-009
1.390000000000001e+000	8.957531e-009
1.400000000000001e+000	9.165515e-009
1.410000000000001e+000	9.379362e-009
1.420000000000001e+000	9.599319e-009
1.430000000000001e+000	9.825650e-009
1.440000000000001e+000	1.005864e-008
1.450000000000001e+000	1.029861e-008
1.460000000000001e+000	1.054590e-008
1.470000000000001e+000	1.080088e-008
1.480000000000001e+000	1.106396e-008
1.490000000000001e+000	1.133560e-008
1.500000000000001e+000	1.161630e-008
1.510000000000001e+000	1.190664e-008
1.520000000000001e+000	1.220724e-008
1.530000000000001e+000	1.251882e-008
1.540000000000001e+000	1.284217e-008
1.550000000000001e+000	1.317819e-008
1.560000000000001e+000	1.352789e-008
1.570000000000001e+000	1.389243e-008
1.580000000000001e+000	1.427309e-008
1.590000000000001e+000	1.467135e-008
1.600000000000001e+000	1.508886e-008
1.610000000000001e+000	1.552749e-008
1.620000000000001e+000	1.598936e-008
1.630000000000001e+000	1.647686e-008
1.640000000000001e+000	1.699267e-008
1.650000000000001e+000	1.753982e-008
1.660000000000001e+000	1.812172e-008
1.670000000000001e+000	1.874217e-008
1.680000000000001e+000	1.940545e-008
1.690000000000001e+000	2.011633e-008
1.700000000000001e+000	2.088015e-008
1.710000000000001e+000	2.170283e-008
1.720000000000001e+000	2.259098e-008
1.730000000000001e+000	2.355190e-008
1.740000000000001e+000	2.459369e-008
1.750000000000001e+000	2.572529e-008
1.760000000000001e+000	2.695658e-008
1.770000000000001e+000	2.829841e-008
1.780000000000001e+000	2.976270e-008
1.790000000000001e+000	3.136253e-008
1.800000000000001e+000	3.311220e-008
1.810000000000001e+000	3.502734e-008
1.820000000000001e+000	3.712499e-008
1.830000000000001e+000	3.942369e-008
1.840000000000001e+000	4.194360e-008
1.850000000000001e+000	4.470656e-008
1.860000000000001e+000	4.773625e-008
1.870000000000001e+000	5.105825e-008
1.880000000000001e+000	5.470019e-008
1.890000000000002e+000	5.869185e-008
1.900000000000002e+000	6.306526e-008
1.910000000000002e+000	6.785486e-008
1.920000000000002e+000	7.309762e-008
1.930000000000002e+000	7.883313e-008
1.940000000000002e+000	8.510379e-008
1.950000000000002e+000	9.195492e-008
1.960000000000002e+000	9.943486e-008
1.970000000000002e+000	1.075952e-007
1.980000000000002e+000	1.164909e-007
1.990000000000002e+000	1.261804e-007
2.000000000000001e+000	1.367257e-007
2.010000000000001e+000	1.481928e-007
2.020000000000001e+000	1.606515e-007
2.030000000000001e+000	1.741759e-007
2.040000000000001e+000	1.888443e-007
2.050000000000000e+000	2.047395e-007
2.060000000000000e+000	2.219490e-007
2.070000000000000e+000	2.405650e-007
2.080000000000000e+000	2.606850e-007
2.089999999999999e+000	2.824114e-007
2.099999999999999e+000	3.058521e-007
2.109999999999999e+000	3.311207e-007
2.119999999999999e+000	3.583365e-007
2.129999999999999e+000	3.876247e-007
2.139999999999998e+000	4.191169e-007
2.149999999999998e+000	4.529509e-007
2.159999999999998e+000	4.892713e-007
2.169999999999998e+000	5.282293e-007
2.179999999999998e+000	5.699835e-007
2.189999999999997e+000	6.146994e-007
2.199999999999997e+000	6.625505e-007
2.209999999999997e+000	7.137176e-007
2.219999999999997e+000	7.683897e-007
2.229999999999996e+000	8.267642e-007
2.239999999999996e+000	8.890466e-007
2.249999999999996e+000	9.554516e-007
2.259999999999996e+000	1.026203e-006
2.269999999999996e+000	1.101532e-006
2.279999999999995e+000	1.181683e-006
2.289999999999995e+000	1.266907e-006
2.299999999999995e+000	1.357467e-006
2.309999999999995e+000	1.453634e-006
2.319999999999995e+000	1.555693e-006
2.329999999999994e+000	1.663937e-006
2.339999999999994e+000	1.778672e-006
2.349999999999994e+000	1.900214e-006
2.359999999999994e+000	2.028893e-006
2.369999999999993e+000	2.165049e-006
2.379999999999993e+000	2.309035e-006
2.389999999999993e+000	2.461218e-006
2.399999999999993e+000	2.621975e-006
2.409999999999993e+000	2.791701e-006
2.419999999999992e+000	2.970799e-006
2.429999999999992e+000	3.159690e-006
2.439999999999992e+000	3.358807e-006
2.449999999999992e+000	3.568599e-006
2.459999999999992e+000	3.789528e-006
2.469999999999991e+000	4.022073e-006
2.479999999999991e+000	4.266727e-006
2.489999999999991e+000	4.523997e-006
2.500000000000000e+000	4.794409e-006
Step Information: V2=500m  (Run: 2/7)
0.000000000000000e+000	-1.421009e-012
1.000000000000000e-002	2.358044e-006
2.000000000000000e-002	4.576856e-006
3.000000000000000e-002	6.654605e-006
4.000000000000000e-002	8.589695e-006
5.000000000000000e-002	1.038075e-005
6.000000000000001e-002	1.202668e-005
7.000000000000001e-002	1.352681e-005
8.000000000000000e-002	1.488123e-005
9.000000000000000e-002	1.609125e-005
9.999999999999999e-002	1.716012e-005
1.100000000000000e-001	1.809382e-005
1.200000000000000e-001	1.890166e-005
1.300000000000000e-001	1.959624e-005
1.400000000000000e-001	2.019261e-005
1.500000000000000e-001	2.070681e-005
1.600000000000000e-001	2.115423e-005
1.700000000000000e-001	2.154855e-005
1.800000000000000e-001	2.190114e-005
1.900000000000000e-001	2.222111e-005
2.000000000000000e-001	2.251555e-005
2.100000000000001e-001	2.278993e-005
2.200000000000001e-001	2.304843e-005
2.300000000000001e-001	2.329425e-005
2.400000000000001e-001	2.352987e-005
2.500000000000001e-001	2.375720e-005
2.600000000000001e-001	2.397774e-005
2.700000000000001e-001	2.419269e-005
2.800000000000001e-001	2.440299e-005
2.900000000000001e-001	2.460941e-005
3.000000000000001e-001	2.481255e-005
3.100000000000001e-001	2.501294e-005
3.200000000000001e-001	2.521098e-005
3.300000000000001e-001	2.540703e-005
3.400000000000001e-001	2.560138e-005
3.500000000000001e-001	2.579427e-005
3.600000000000002e-001	2.598592e-005
3.700000000000002e-001	2.617649e-005
3.800000000000002e-001	2.636615e-005
3.900000000000002e-001	2.655503e-005
4.000000000000002e-001	2.674324e-005
4.100000000000002e-001	2.693088e-005
4.200000000000002e-001	2.711803e-005
4.300000000000002e-001	2.730479e-005
4.400000000000002e-001	2.749120e-005
4.500000000000002e-001	2.767734e-005
4.600000000000002e-001	2.786325e-005
4.700000000000003e-001	2.804898e-005
4.800000000000003e-001	2.823458e-005
4.900000000000003e-001	2.842007e-005
5.000000000000002e-001	2.860551e-005
5.100000000000002e-001	2.879090e-005
5.200000000000002e-001	2.897629e-005
5.300000000000003e-001	2.916170e-005
5.400000000000003e-001	2.934715e-005
5.500000000000003e-001	2.953265e-005
5.600000000000003e-001	2.971823e-005
5.700000000000003e-001	2.990390e-005
5.800000000000003e-001	3.008969e-005
5.900000000000003e-001	3.027559e-005
6.000000000000003e-001	3.046163e-005
6.100000000000003e-001	3.064781e-005
6.200000000000003e-001	3.083416e-005
6.300000000000003e-001	3.102066e-005
6.400000000000004e-001	3.120734e-005
6.500000000000004e-001	3.139420e-005
6.600000000000004e-001	3.158125e-005
6.700000000000004e-001	3.176849e-005
6.800000000000004e-001	3.195594e-005
6.900000000000004e-001	3.214359e-005
7.000000000000004e-001	3.233145e-005
7.100000000000004e-001	3.251953e-005
7.200000000000004e-001	3.270782e-005
7.300000000000004e-001	3.289635e-005
7.400000000000004e-001	3.308509e-005
7.500000000000004e-001	3.327407e-005
7.600000000000005e-001	3.346328e-005
7.700000000000005e-001	3.365273e-005
7.800000000000005e-001	3.384241e-005
7.900000000000005e-001	3.403233e-005
8.000000000000005e-001	3.422249e-005
8.100000000000005e-001	3.441290e-005
8.200000000000005e-001	3.460354e-005
8.300000000000005e-001	3.479444e-005
8.400000000000005e-001	3.498558e-005
8.500000000000005e-001	3.517696e-005
8.600000000000005e-001	3.536860e-005
8.700000000000006e-001	3.556048e-005
8.800000000000006e-001	3.575261e-005
8.900000000000006e-001	3.594500e-005
9.000000000000006e-001	3.613762e-005
9.100000000000006e-001	3.633050e-005
9.200000000000006e-001	3.652363e-005
9.300000000000006e-001	3.671701e-005
9.400000000000006e-001	3.691064e-005
9.500000000000006e-001	3.710452e-005
9.600000000000006e-001	3.729865e-005
9.700000000000006e-001	3.749303e-005
9.800000000000007e-001	3.768765e-005
9.900000000000007e-001	3.788253e-005
1.000000000000001e+000	3.807765e-005
1.010000000000001e+000	3.827302e-005
1.020000000000001e+000	3.846864e-005
1.030000000000001e+000	3.866450e-005
1.040000000000001e+000	3.886061e-005
1.050000000000001e+000	3.905696e-005
1.060000000000001e+000	3.925356e-005
1.070000000000001e+000	3.945040e-005
1.080000000000001e+000	3.964748e-005
1.090000000000001e+000	3.984481e-005
1.100000000000001e+000	4.004238e-005
1.110000000000001e+000	4.024019e-005
1.120000000000001e+000	4.043823e-005
1.130000000000001e+000	4.063652e-005
1.140000000000001e+000	4.083505e-005
1.150000000000001e+000	4.103381e-005
1.160000000000001e+000	4.123281e-005
1.170000000000001e+000	4.143204e-005
1.180000000000001e+000	4.163151e-005
1.190000000000001e+000	4.183122e-005
1.200000000000001e+000	4.203116e-005
1.210000000000001e+000	4.223133e-005
1.220000000000001e+000	4.243173e-005
1.230000000000001e+000	4.263237e-005
1.240000000000001e+000	4.283324e-005
1.250000000000001e+000	4.303434e-005
1.260000000000001e+000	4.323567e-005
1.270000000000001e+000	4.343723e-005
1.280000000000001e+000	4.363903e-005
1.290000000000001e+000	4.384106e-005
1.300000000000001e+000	4.404332e-005
1.310000000000001e+000	4.424581e-005
1.320000000000001e+000	4.444854e-005
1.330000000000001e+000	4.465151e-005
1.340000000000001e+000	4.485472e-005
1.350000000000001e+000	4.505817e-005
1.360000000000001e+000	4.526187e-005
1.370000000000001e+000	4.546582e-005
1.380000000000001e+000	4.567003e-005
1.390000000000001e+000	4.587450e-005
1.400000000000001e+000	4.607925e-005
1.410000000000001e+000	4.628427e-005
1.420000000000001e+000	4.648960e-005
1.430000000000001e+000	4.669522e-005
1.440000000000001e+000	4.690118e-005
1.450000000000001e+000	4.710747e-005
1.460000000000001e+000	4.731412e-005
1.470000000000001e+000	4.752116e-005
1.480000000000001e+000	4.772862e-005
1.490000000000001e+000	4.793653e-005
1.500000000000001e+000	4.814492e-005
1.510000000000001e+000	4.835384e-005
1.520000000000001e+000	4.856334e-005
1.530000000000001e+000	4.877348e-005
1.540000000000001e+000	4.898432e-005
1.550000000000001e+000	4.919594e-005
1.560000000000001e+000	4.940841e-005
1.570000000000001e+000	4.962183e-005
1.580000000000001e+000	4.983631e-005
1.590000000000001e+000	5.005197e-005
1.600000000000001e+000	5.026894e-005
1.610000000000001e+000	5.048738e-005
1.620000000000001e+000	5.070744e-005
1.630000000000001e+000	5.092933e-005
1.640000000000001e+000	5.115325e-005
1.650000000000001e+000	5.137944e-005
1.660000000000001e+000	5.160816e-005
1.670000000000001e+000	5.183970e-005
1.680000000000001e+000	5.207438e-005
1.690000000000001e+000	5.231256e-005
1.700000000000001e+000	5.255463e-005
1.710000000000001e+000	5.280104e-005
1.720000000000001e+000	5.305224e-005
1.730000000000001e+000	5.330877e-005
1.740000000000001e+000	5.357120e-005
1.750000000000001e+000	5.384016e-005
1.760000000000001e+000	5.411634e-005
1.770000000000001e+000	5.440049e-005
1.780000000000001e+000	5.469342e-005
1.790000000000001e+000	5.499601e-005
1.800000000000001e+000	5.530922e-005
1.810000000000001e+000	5.563410e-005
1.820000000000001e+000	5.597176e-005
1.830000000000001e+000	5.632341e-005
1.840000000000001e+000	5.669034e-005
1.850000000000001e+000	5.707395e-005
1.860000000000001e+000	5.747572e-005
1.870000000000001e+000	5.789724e-005
1.880000000000001e+000	5.834021e-005
1.890000000000002e+000	5.880640e-005
1.900000000000002e+000	5.929774e-005
1.910000000000002e+000	5.981622e-005
1.920000000000002e+000	6.036395e-005
1.930000000000002e+000	6.094317e-005
1.940000000000002e+000	6.155618e-005
1.950000000000002e+000	6.220542e-005
1.960000000000002e+000	6.289341e-005
1.970000000000002e+000	6.362274e-005
1.980000000000002e+000	6.439613e-005
1.990000000000002e+000	6.521634e-005
2.000000000000001e+000	6.608620e-005
2.010000000000001e+000	6.700862e-005
2.020000000000001e+000	6.798652e-005
2.030000000000001e+000	6.902288e-005
2.040000000000001e+000	7.012070e-005
2.050000000000000e+000	7.128295e-005
2.060000000000000e+000	7.251262e-005
2.070000000000000e+000	7.381267e-005
2.080000000000000e+000	7.518600e-005
2.089999999999999e+000	7.663546e-005
2.099999999999999e+000	7.816381e-005
2.109999999999999e+000	7.977373e-005
2.119999999999999e+000	8.146779e-005
2.129999999999999e+000	8.324844e-005
2.139999999999998e+000	8.511796e-005
2.149999999999998e+000	8.707854e-005
2.159999999999998e+000	8.913217e-005
2.169999999999998e+000	9.128066e-005
2.179999999999998e+000	9.352567e-005
2.189999999999997e+000	9.586867e-005
2.199999999999997e+000	9.831094e-005
2.209999999999997e+000	1.008536e-004
2.219999999999997e+000	1.034975e-004
2.229999999999996e+000	1.062433e-004
2.239999999999996e+000	1.090917e-004
2.249999999999996e+000	1.120429e-004
2.259999999999996e+000	1.150970e-004
2.269999999999996e+000	1.182542e-004
2.279999999999995e+000	1.215142e-004
2.289999999999995e+000	1.248766e-004
2.299999999999995e+000	1.283411e-004
2.309999999999995e+000	1.319069e-004
2.319999999999995e+000	1.355734e-004
2.329999999999994e+000	1.393396e-004
2.339999999999994e+000	1.432047e-004
2.349999999999994e+000	1.471675e-004
2.359999999999994e+000	1.512269e-004
2.369999999999993e+000	1.553816e-004
2.379999999999993e+000	1.596304e-004
2.389999999999993e+000	1.639718e-004
2.399999999999993e+000	1.684044e-004
2.409999999999993e+000	1.729269e-004
2.419999999999992e+000	1.775376e-004
2.429999999999992e+000	1.822350e-004
2.439999999999992e+000	1.870176e-004
2.449999999999992e+000	1.918838e-004
2.459999999999992e+000	1.968321e-004
2.469999999999991e+000	2.018607e-004
2.479999999999991e+000	2.069683e-004
2.489999999999991e+000	2.121530e-004
2.500000000000000e+000	2.174134e-004
Step Information: V2=1  (Run: 3/7)
0.000000000000000e+000	-6.479500e-011
1.000000000000000e-002	4.266445e-006
2.000000000000000e-002	8.487431e-006
3.000000000000000e-002	1.266242e-005
4.000000000000000e-002	1.679092e-005
5.000000000000000e-002	2.087245e-005
6.000000000000001e-002	2.490651e-005
7.000000000000001e-002	2.889259e-005
8.000000000000000e-002	3.283016e-005
9.000000000000000e-002	3.671870e-005
9.999999999999999e-002	4.055766e-005
1.100000000000000e-001	4.434647e-005
1.200000000000000e-001	4.808455e-005
1.300000000000000e-001	5.177131e-005
1.400000000000000e-001	5.540611e-005
1.500000000000000e-001	5.898832e-005
1.600000000000000e-001	6.251726e-005
1.700000000000000e-001	6.599222e-005
1.800000000000000e-001	6.941246e-005
1.900000000000000e-001	7.277719e-005
2.000000000000000e-001	7.608558e-005
2.100000000000001e-001	7.933675e-005
2.200000000000001e-001	8.252976e-005
2.300000000000001e-001	8.566359e-005
2.400000000000001e-001	8.873714e-005
2.500000000000001e-001	9.174926e-005
2.600000000000001e-001	9.469864e-005
2.700000000000001e-001	9.758390e-005
2.800000000000001e-001	1.004035e-004
2.900000000000001e-001	1.031558e-004
3.000000000000001e-001	1.058390e-004
3.100000000000001e-001	1.084510e-004
3.200000000000001e-001	1.109897e-004
3.300000000000001e-001	1.134527e-004
3.400000000000001e-001	1.158374e-004
3.500000000000001e-001	1.181411e-004
3.600000000000002e-001	1.203610e-004
3.700000000000002e-001	1.224939e-004
3.800000000000002e-001	1.245370e-004
3.900000000000002e-001	1.264874e-004
4.000000000000002e-001	1.283426e-004
4.100000000000002e-001	1.301005e-004
4.200000000000002e-001	1.317597e-004
4.300000000000002e-001	1.333199e-004
4.400000000000002e-001	1.347817e-004
4.500000000000002e-001	1.361471e-004
4.600000000000002e-001	1.374190e-004
4.700000000000003e-001	1.386018e-004
4.800000000000003e-001	1.397005e-004
4.900000000000003e-001	1.407209e-004
5.000000000000002e-001	1.416694e-004
5.100000000000002e-001	1.425521e-004
5.200000000000002e-001	1.433755e-004
5.300000000000003e-001	1.441455e-004
5.400000000000003e-001	1.448678e-004
5.500000000000003e-001	1.455475e-004
5.600000000000003e-001	1.461893e-004
5.700000000000003e-001	1.467975e-004
5.800000000000003e-001	1.473758e-004
5.900000000000003e-001	1.479275e-004
6.000000000000003e-001	1.484555e-004
6.100000000000003e-001	1.489625e-004
6.200000000000003e-001	1.494506e-004
6.300000000000003e-001	1.499218e-004
6.400000000000004e-001	1.503779e-004
6.500000000000004e-001	1.508204e-004
6.600000000000004e-001	1.512506e-004
6.700000000000004e-001	1.516698e-004
6.800000000000004e-001	1.520789e-004
6.900000000000004e-001	1.524789e-004
7.000000000000004e-001	1.528705e-004
7.100000000000004e-001	1.532547e-004
7.200000000000004e-001	1.536318e-004
7.300000000000004e-001	1.540027e-004
7.400000000000004e-001	1.543676e-004
7.500000000000004e-001	1.547273e-004
7.600000000000005e-001	1.550819e-004
7.700000000000005e-001	1.554320e-004
7.800000000000005e-001	1.557778e-004
7.900000000000005e-001	1.561197e-004
8.000000000000005e-001	1.564579e-004
8.100000000000005e-001	1.567928e-004
8.200000000000005e-001	1.571244e-004
8.300000000000005e-001	1.574531e-004
8.400000000000005e-001	1.577790e-004
8.500000000000005e-001	1.581023e-004
8.600000000000005e-001	1.584232e-004
8.700000000000006e-001	1.587417e-004
8.800000000000006e-001	1.590581e-004
8.900000000000006e-001	1.593725e-004
9.000000000000006e-001	1.596849e-004
9.100000000000006e-001	1.599956e-004
9.200000000000006e-001	1.603045e-004
9.300000000000006e-001	1.606118e-004
9.400000000000006e-001	1.609176e-004
9.500000000000006e-001	1.612219e-004
9.600000000000006e-001	1.615248e-004
9.700000000000006e-001	1.618264e-004
9.800000000000007e-001	1.621268e-004
9.900000000000007e-001	1.624259e-004
1.000000000000001e+000	1.627240e-004
1.010000000000001e+000	1.630209e-004
1.020000000000001e+000	1.633168e-004
1.030000000000001e+000	1.636117e-004
1.040000000000001e+000	1.639057e-004
1.050000000000001e+000	1.641987e-004
1.060000000000001e+000	1.644909e-004
1.070000000000001e+000	1.647823e-004
1.080000000000001e+000	1.650729e-004
1.090000000000001e+000	1.653627e-004
1.100000000000001e+000	1.656517e-004
1.110000000000001e+000	1.659401e-004
1.120000000000001e+000	1.662277e-004
1.130000000000001e+000	1.665148e-004
1.140000000000001e+000	1.668011e-004
1.150000000000001e+000	1.670869e-004
1.160000000000001e+000	1.673721e-004
1.170000000000001e+000	1.676567e-004
1.180000000000001e+000	1.679408e-004
1.190000000000001e+000	1.682243e-004
1.200000000000001e+000	1.685073e-004
1.210000000000001e+000	1.687899e-004
1.220000000000001e+000	1.690719e-004
1.230000000000001e+000	1.693535e-004
1.240000000000001e+000	1.696347e-004
1.250000000000001e+000	1.699154e-004
1.260000000000001e+000	1.701957e-004
1.270000000000001e+000	1.704755e-004
1.280000000000001e+000	1.707550e-004
1.290000000000001e+000	1.710341e-004
1.300000000000001e+000	1.713128e-004
1.310000000000001e+000	1.715912e-004
1.320000000000001e+000	1.718692e-004
1.330000000000001e+000	1.721468e-004
1.340000000000001e+000	1.724241e-004
1.350000000000001e+000	1.727011e-004
1.360000000000001e+000	1.729778e-004
1.370000000000001e+000	1.732542e-004
1.380000000000001e+000	1.735303e-004
1.390000000000001e+000	1.738060e-004
1.400000000000001e+000	1.740815e-004
1.410000000000001e+000	1.743567e-004
1.420000000000001e+000	1.746317e-004
1.430000000000001e+000	1.749063e-004
1.440000000000001e+000	1.751807e-004
1.450000000000001e+000	1.754549e-004
1.460000000000001e+000	1.757288e-004
1.470000000000001e+000	1.760025e-004
1.480000000000001e+000	1.762759e-004
1.490000000000001e+000	1.765492e-004
1.500000000000001e+000	1.768222e-004
1.510000000000001e+000	1.770950e-004
1.520000000000001e+000	1.773675e-004
1.530000000000001e+000	1.776399e-004
1.540000000000001e+000	1.779121e-004
1.550000000000001e+000	1.781841e-004
1.560000000000001e+000	1.784559e-004
1.570000000000001e+000	1.787275e-004
1.580000000000001e+000	1.789990e-004
1.590000000000001e+000	1.792703e-004
1.600000000000001e+000	1.795414e-004
1.610000000000001e+000	1.798124e-004
1.620000000000001e+000	1.800833e-004
1.630000000000001e+000	1.803540e-004
1.640000000000001e+000	1.806247e-004
1.650000000000001e+000	1.808952e-004
1.660000000000001e+000	1.811657e-004
1.670000000000001e+000	1.814361e-004
1.680000000000001e+000	1.817064e-004
1.690000000000001e+000	1.819768e-004
1.700000000000001e+000	1.822471e-004
1.710000000000001e+000	1.825175e-004
1.720000000000001e+000	1.827880e-004
1.730000000000001e+000	1.830585e-004
1.740000000000001e+000	1.833292e-004
1.750000000000001e+000	1.836002e-004
1.760000000000001e+000	1.838714e-004
1.770000000000001e+000	1.841429e-004
1.780000000000001e+000	1.844148e-004
1.790000000000001e+000	1.846873e-004
1.800000000000001e+000	1.849603e-004
1.810000000000001e+000	1.852341e-004
1.820000000000001e+000	1.855087e-004
1.830000000000001e+000	1.857843e-004
1.840000000000001e+000	1.860611e-004
1.850000000000001e+000	1.863392e-004
1.860000000000001e+000	1.866189e-004
1.870000000000001e+000	1.869004e-004
1.880000000000001e+000	1.871841e-004
1.890000000000002e+000	1.874701e-004
1.900000000000002e+000	1.877589e-004
1.910000000000002e+000	1.880509e-004
1.920000000000002e+000	1.883464e-004
1.930000000000002e+000	1.886460e-004
1.940000000000002e+000	1.889503e-004
1.950000000000002e+000	1.892597e-004
1.960000000000002e+000	1.895750e-004
1.970000000000002e+000	1.898970e-004
1.980000000000002e+000	1.902264e-004
1.990000000000002e+000	1.905642e-004
2.000000000000001e+000	1.909113e-004
2.010000000000001e+000	1.912688e-004
2.020000000000001e+000	1.916380e-004
2.030000000000001e+000	1.920200e-004
2.040000000000001e+000	1.924164e-004
2.050000000000000e+000	1.928287e-004
2.060000000000000e+000	1.932584e-004
2.070000000000000e+000	1.937075e-004
2.080000000000000e+000	1.941779e-004
2.089999999999999e+000	1.946716e-004
2.099999999999999e+000	1.951908e-004
2.109999999999999e+000	1.957380e-004
2.119999999999999e+000	1.963156e-004
2.129999999999999e+000	1.969264e-004
2.139999999999998e+000	1.975731e-004
2.149999999999998e+000	1.982587e-004
2.159999999999998e+000	1.989864e-004
2.169999999999998e+000	1.997593e-004
2.179999999999998e+000	2.005808e-004
2.189999999999997e+000	2.014544e-004
2.199999999999997e+000	2.023837e-004
2.209999999999997e+000	2.033722e-004
2.219999999999997e+000	2.044238e-004
2.229999999999996e+000	2.055420e-004
2.239999999999996e+000	2.067308e-004
2.249999999999996e+000	2.079939e-004
2.259999999999996e+000	2.093349e-004
2.269999999999996e+000	2.107576e-004
2.279999999999995e+000	2.122656e-004
2.289999999999995e+000	2.138623e-004
2.299999999999995e+000	2.155510e-004
2.309999999999995e+000	2.173350e-004
2.319999999999995e+000	2.192172e-004
2.329999999999994e+000	2.212005e-004
2.339999999999994e+000	2.232874e-004
2.349999999999994e+000	2.254803e-004
2.359999999999994e+000	2.277813e-004
2.369999999999993e+000	2.301921e-004
2.379999999999993e+000	2.327145e-004
2.389999999999993e+000	2.353496e-004
2.399999999999993e+000	2.380985e-004
2.409999999999993e+000	2.409620e-004
2.419999999999992e+000	2.439405e-004
2.429999999999992e+000	2.470344e-004
2.439999999999992e+000	2.502435e-004
2.449999999999992e+000	2.535678e-004
2.459999999999992e+000	2.570067e-004
2.469999999999991e+000	2.605595e-004
2.479999999999991e+000	2.642255e-004
2.489999999999991e+000	2.680036e-004
2.500000000000000e+000	2.718927e-004
Step Information: V2=1.5  (Run: 4/7)
0.000000000000000e+000	-1.437337e-009
1.000000000000000e-002	4.626116e-006
2.000000000000000e-002	9.227901e-006
3.000000000000000e-002	1.380375e-005
4.000000000000000e-002	1.835351e-005
5.000000000000000e-002	2.287700e-005
6.000000000000001e-002	2.737406e-005
7.000000000000001e-002	3.184452e-005
8.000000000000000e-002	3.628821e-005
9.000000000000000e-002	4.070494e-005
9.999999999999999e-002	4.509456e-005
1.100000000000000e-001	4.945687e-005
1.200000000000000e-001	5.379169e-005
1.300000000000000e-001	5.809886e-005
1.400000000000000e-001	6.237817e-005
1.500000000000000e-001	6.662944e-005
1.600000000000000e-001	7.085249e-005
1.700000000000000e-001	7.504710e-005
1.800000000000000e-001	7.921310e-005
1.900000000000000e-001	8.335027e-005
2.000000000000000e-001	8.745841e-005
2.100000000000001e-001	9.153732e-005
2.200000000000001e-001	9.558677e-005
2.300000000000001e-001	9.960656e-005
2.400000000000001e-001	1.035964e-004
2.500000000000001e-001	1.075562e-004
2.600000000000001e-001	1.114856e-004
2.700000000000001e-001	1.153845e-004
2.800000000000001e-001	1.192525e-004
2.900000000000001e-001	1.230894e-004
3.000000000000001e-001	1.268949e-004
3.100000000000001e-001	1.306688e-004
3.200000000000001e-001	1.344108e-004
3.300000000000001e-001	1.381206e-004
3.400000000000001e-001	1.417980e-004
3.500000000000001e-001	1.454425e-004
3.600000000000002e-001	1.490538e-004
3.700000000000002e-001	1.526318e-004
3.800000000000002e-001	1.561758e-004
3.900000000000002e-001	1.596857e-004
4.000000000000002e-001	1.631610e-004
4.100000000000002e-001	1.666013e-004
4.200000000000002e-001	1.700061e-004
4.300000000000002e-001	1.733750e-004
4.400000000000002e-001	1.767075e-004
4.500000000000002e-001	1.800031e-004
4.600000000000002e-001	1.832612e-004
4.700000000000003e-001	1.864813e-004
4.800000000000003e-001	1.896626e-004
4.900000000000003e-001	1.928045e-004
5.000000000000002e-001	1.959062e-004
5.100000000000002e-001	1.989670e-004
5.200000000000002e-001	2.019860e-004
5.300000000000003e-001	2.049622e-004
5.400000000000003e-001	2.078946e-004
5.500000000000003e-001	2.107822e-004
5.600000000000003e-001	2.136237e-004
5.700000000000003e-001	2.164178e-004
5.800000000000003e-001	2.191632e-004
5.900000000000003e-001	2.218582e-004
6.000000000000003e-001	2.245013e-004
6.100000000000003e-001	2.270906e-004
6.200000000000003e-001	2.296243e-004
6.300000000000003e-001	2.321003e-004
6.400000000000004e-001	2.345165e-004
6.500000000000004e-001	2.368707e-004
6.600000000000004e-001	2.391604e-004
6.700000000000004e-001	2.413834e-004
6.800000000000004e-001	2.435373e-004
6.900000000000004e-001	2.456199e-004
7.000000000000004e-001	2.476290e-004
7.100000000000004e-001	2.495628e-004
7.200000000000004e-001	2.514198e-004
7.300000000000004e-001	2.531989e-004
7.400000000000004e-001	2.548994e-004
7.500000000000004e-001	2.565214e-004
7.600000000000005e-001	2.580655e-004
7.700000000000005e-001	2.595328e-004
7.800000000000005e-001	2.609254e-004
7.900000000000005e-001	2.622456e-004
8.000000000000005e-001	2.634963e-004
8.100000000000005e-001	2.646810e-004
8.200000000000005e-001	2.658032e-004
8.300000000000005e-001	2.668666e-004
8.400000000000005e-001	2.678753e-004
8.500000000000005e-001	2.688331e-004
8.600000000000005e-001	2.697438e-004
8.700000000000006e-001	2.706110e-004
8.800000000000006e-001	2.714383e-004
8.900000000000006e-001	2.722289e-004
9.000000000000006e-001	2.729859e-004
9.100000000000006e-001	2.737121e-004
9.200000000000006e-001	2.744101e-004
9.300000000000006e-001	2.750823e-004
9.400000000000006e-001	2.757309e-004
9.500000000000006e-001	2.763578e-004
9.600000000000006e-001	2.769649e-004
9.700000000000006e-001	2.775539e-004
9.800000000000007e-001	2.781260e-004
9.900000000000007e-001	2.786829e-004
1.000000000000001e+000	2.792255e-004
1.010000000000001e+000	2.797551e-004
1.020000000000001e+000	2.802727e-004
1.030000000000001e+000	2.807790e-004
1.040000000000001e+000	2.812751e-004
1.050000000000001e+000	2.817616e-004
1.060000000000001e+000	2.822391e-004
1.070000000000001e+000	2.827084e-004
1.080000000000001e+000	2.831700e-004
1.090000000000001e+000	2.836244e-004
1.100000000000001e+000	2.840721e-004
1.110000000000001e+000	2.845135e-004
1.120000000000001e+000	2.849490e-004
1.130000000000001e+000	2.853789e-004
1.140000000000001e+000	2.858037e-004
1.150000000000001e+000	2.862236e-004
1.160000000000001e+000	2.866389e-004
1.170000000000001e+000	2.870499e-004
1.180000000000001e+000	2.874567e-004
1.190000000000001e+000	2.878597e-004
1.200000000000001e+000	2.882591e-004
1.210000000000001e+000	2.886549e-004
1.220000000000001e+000	2.890475e-004
1.230000000000001e+000	2.894370e-004
1.240000000000001e+000	2.898235e-004
1.250000000000001e+000	2.902072e-004
1.260000000000001e+000	2.905882e-004
1.270000000000001e+000	2.909666e-004
1.280000000000001e+000	2.913426e-004
1.290000000000001e+000	2.917163e-004
1.300000000000001e+000	2.920877e-004
1.310000000000001e+000	2.924570e-004
1.320000000000001e+000	2.928243e-004
1.330000000000001e+000	2.931896e-004
1.340000000000001e+000	2.935531e-004
1.350000000000001e+000	2.939147e-004
1.360000000000001e+000	2.942746e-004
1.370000000000001e+000	2.946329e-004
1.380000000000001e+000	2.949896e-004
1.390000000000001e+000	2.953447e-004
1.400000000000001e+000	2.956983e-004
1.410000000000001e+000	2.960505e-004
1.420000000000001e+000	2.964014e-004
1.430000000000001e+000	2.967509e-004
1.440000000000001e+000	2.970991e-004
1.450000000000001e+000	2.974462e-004
1.460000000000001e+000	2.977919e-004
1.470000000000001e+000	2.981366e-004
1.480000000000001e+000	2.984801e-004
1.490000000000001e+000	2.988225e-004
1.500000000000001e+000	2.991639e-004
1.510000000000001e+000	2.995043e-004
1.520000000000001e+000	2.998436e-004
1.530000000000001e+000	3.001820e-004
1.540000000000001e+000	3.005195e-004
1.550000000000001e+000	3.008561e-004
1.560000000000001e+000	3.011918e-004
1.570000000000001e+000	3.015266e-004
1.580000000000001e+000	3.018606e-004
1.590000000000001e+000	3.021937e-004
1.600000000000001e+000	3.025261e-004
1.610000000000001e+000	3.028577e-004
1.620000000000001e+000	3.031885e-004
1.630000000000001e+000	3.035187e-004
1.640000000000001e+000	3.038481e-004
1.650000000000001e+000	3.041768e-004
1.660000000000001e+000	3.045048e-004
1.670000000000001e+000	3.048322e-004
1.680000000000001e+000	3.051588e-004
1.690000000000001e+000	3.054849e-004
1.700000000000001e+000	3.058104e-004
1.710000000000001e+000	3.061352e-004
1.720000000000001e+000	3.064594e-004
1.730000000000001e+000	3.067831e-004
1.740000000000001e+000	3.071062e-004
1.750000000000001e+000	3.074287e-004
1.760000000000001e+000	3.077507e-004
1.770000000000001e+000	3.080722e-004
1.780000000000001e+000	3.083931e-004
1.790000000000001e+000	3.087135e-004
1.800000000000001e+000	3.090335e-004
1.810000000000001e+000	3.093529e-004
1.820000000000001e+000	3.096719e-004
1.830000000000001e+000	3.099904e-004
1.840000000000001e+000	3.103084e-004
1.850000000000001e+000	3.106260e-004
1.860000000000001e+000	3.109432e-004
1.870000000000001e+000	3.112600e-004
1.880000000000001e+000	3.115763e-004
1.890000000000002e+000	3.118923e-004
1.900000000000002e+000	3.122079e-004
1.910000000000002e+000	3.125231e-004
1.920000000000002e+000	3.128379e-004
1.930000000000002e+000	3.131525e-004
1.940000000000002e+000	3.134667e-004
1.950000000000002e+000	3.137806e-004
1.960000000000002e+000	3.140943e-004
1.970000000000002e+000	3.144077e-004
1.980000000000002e+000	3.147209e-004
1.990000000000002e+000	3.150340e-004
2.000000000000001e+000	3.153469e-004
2.010000000000001e+000	3.156597e-004
2.020000000000001e+000	3.159724e-004
2.030000000000001e+000	3.162851e-004
2.040000000000001e+000	3.165980e-004
2.050000000000000e+000	3.169109e-004
2.060000000000000e+000	3.172241e-004
2.070000000000000e+000	3.175376e-004
2.080000000000000e+000	3.178515e-004
2.089999999999999e+000	3.181660e-004
2.099999999999999e+000	3.184812e-004
2.109999999999999e+000	3.187972e-004
2.119999999999999e+000	3.191143e-004
2.129999999999999e+000	3.194326e-004
2.139999999999998e+000	3.197524e-004
2.149999999999998e+000	3.200740e-004
2.159999999999998e+000	3.203976e-004
2.169999999999998e+000	3.207237e-004
2.179999999999998e+000	3.210525e-004
2.189999999999997e+000	3.213846e-004
2.199999999999997e+000	3.217204e-004
2.209999999999997e+000	3.220605e-004
2.219999999999997e+000	3.224055e-004
2.229999999999996e+000	3.227561e-004
2.239999999999996e+000	3.231130e-004
2.249999999999996e+000	3.234771e-004
2.259999999999996e+000	3.238493e-004
2.269999999999996e+000	3.242307e-004
2.279999999999995e+000	3.246225e-004
2.289999999999995e+000	3.250258e-004
2.299999999999995e+000	3.254421e-004
2.309999999999995e+000	3.258729e-004
2.319999999999995e+000	3.263199e-004
2.329999999999994e+000	3.267849e-004
2.339999999999994e+000	3.272697e-004
2.349999999999994e+000	3.277766e-004
2.359999999999994e+000	3.283079e-004
2.369999999999993e+000	3.288659e-004
2.379999999999993e+000	3.294534e-004
2.389999999999993e+000	3.300730e-004
2.399999999999993e+000	3.307279e-004
2.409999999999993e+000	3.314212e-004
2.419999999999992e+000	3.321561e-004
2.429999999999992e+000	3.329362e-004
2.439999999999992e+000	3.337651e-004
2.449999999999992e+000	3.346466e-004
2.459999999999992e+000	3.355846e-004
2.469999999999991e+000	3.365831e-004
2.479999999999991e+000	3.376461e-004
2.489999999999991e+000	3.387778e-004
2.500000000000000e+000	3.399825e-004
Step Information: V2=2  (Run: 5/7)
0.000000000000000e+000	-2.404247e-008
1.000000000000000e-002	4.731587e-006
2.000000000000000e-002	9.469320e-006
3.000000000000000e-002	1.418907e-005
4.000000000000000e-002	1.889075e-005
5.000000000000000e-002	2.357426e-005
6.000000000000001e-002	2.823954e-005
7.000000000000001e-002	3.288649e-005
8.000000000000000e-002	3.751503e-005
9.000000000000000e-002	4.212507e-005
9.999999999999999e-002	4.671654e-005
1.100000000000000e-001	5.128934e-005
1.200000000000000e-001	5.584339e-005
1.300000000000000e-001	6.037861e-005
1.400000000000000e-001	6.489491e-005
1.500000000000000e-001	6.939218e-005
1.600000000000000e-001	7.387037e-005
1.700000000000000e-001	7.832936e-005
1.800000000000000e-001	8.276907e-005
1.900000000000000e-001	8.718942e-005
2.000000000000000e-001	9.159029e-005
2.100000000000001e-001	9.597161e-005
2.200000000000001e-001	1.003333e-004
2.300000000000001e-001	1.046752e-004
2.400000000000001e-001	1.089973e-004
2.500000000000001e-001	1.132994e-004
2.600000000000001e-001	1.175815e-004
2.700000000000001e-001	1.218435e-004
2.800000000000001e-001	1.260852e-004
2.900000000000001e-001	1.303066e-004
3.000000000000001e-001	1.345075e-004
3.100000000000001e-001	1.386879e-004
3.200000000000001e-001	1.428477e-004
3.300000000000001e-001	1.469866e-004
3.400000000000001e-001	1.511047e-004
3.500000000000001e-001	1.552019e-004
3.600000000000002e-001	1.592779e-004
3.700000000000002e-001	1.633327e-004
3.800000000000002e-001	1.673662e-004
3.900000000000002e-001	1.713782e-004
4.000000000000002e-001	1.753687e-004
4.100000000000002e-001	1.793375e-004
4.200000000000002e-001	1.832844e-004
4.300000000000002e-001	1.872095e-004
4.400000000000002e-001	1.911124e-004
4.500000000000002e-001	1.949931e-004
4.600000000000002e-001	1.988515e-004
4.700000000000003e-001	2.026873e-004
4.800000000000003e-001	2.065006e-004
4.900000000000003e-001	2.102910e-004
5.000000000000002e-001	2.140585e-004
5.100000000000002e-001	2.178029e-004
5.200000000000002e-001	2.215241e-004
5.300000000000003e-001	2.252217e-004
5.400000000000003e-001	2.288958e-004
5.500000000000003e-001	2.325461e-004
5.600000000000003e-001	2.361724e-004
5.700000000000003e-001	2.397746e-004
5.800000000000003e-001	2.433524e-004
5.900000000000003e-001	2.469055e-004
6.000000000000003e-001	2.504339e-004
6.100000000000003e-001	2.539373e-004
6.200000000000003e-001	2.574153e-004
6.300000000000003e-001	2.608679e-004
6.400000000000004e-001	2.642946e-004
6.500000000000004e-001	2.676953e-004
6.600000000000004e-001	2.710696e-004
6.700000000000004e-001	2.744172e-004
6.800000000000004e-001	2.777378e-004
6.900000000000004e-001	2.810311e-004
7.000000000000004e-001	2.842967e-004
7.100000000000004e-001	2.875341e-004
7.200000000000004e-001	2.907430e-004
7.300000000000004e-001	2.939229e-004
7.400000000000004e-001	2.970734e-004
7.500000000000004e-001	3.001939e-004
7.600000000000005e-001	3.032839e-004
7.700000000000005e-001	3.063428e-004
7.800000000000005e-001	3.093701e-004
7.900000000000005e-001	3.123649e-004
8.000000000000005e-001	3.153266e-004
8.100000000000005e-001	3.182544e-004
8.200000000000005e-001	3.211474e-004
8.300000000000005e-001	3.240049e-004
8.400000000000005e-001	3.268257e-004
8.500000000000005e-001	3.296089e-004
8.600000000000005e-001	3.323532e-004
8.700000000000006e-001	3.350576e-004
8.800000000000006e-001	3.377207e-004
8.900000000000006e-001	3.403412e-004
9.000000000000006e-001	3.429175e-004
9.100000000000006e-001	3.454481e-004
9.200000000000006e-001	3.479314e-004
9.300000000000006e-001	3.503657e-004
9.400000000000006e-001	3.527492e-004
9.500000000000006e-001	3.550800e-004
9.600000000000006e-001	3.573564e-004
9.700000000000006e-001	3.595765e-004
9.800000000000007e-001	3.617384e-004
9.900000000000007e-001	3.638405e-004
1.000000000000001e+000	3.658812e-004
1.010000000000001e+000	3.678589e-004
1.020000000000001e+000	3.697725e-004
1.030000000000001e+000	3.716211e-004
1.040000000000001e+000	3.734039e-004
1.050000000000001e+000	3.751208e-004
1.060000000000001e+000	3.767718e-004
1.070000000000001e+000	3.783575e-004
1.080000000000001e+000	3.798786e-004
1.090000000000001e+000	3.813365e-004
1.100000000000001e+000	3.827329e-004
1.110000000000001e+000	3.840696e-004
1.120000000000001e+000	3.853489e-004
1.130000000000001e+000	3.865733e-004
1.140000000000001e+000	3.877453e-004
1.150000000000001e+000	3.888676e-004
1.160000000000001e+000	3.899430e-004
1.170000000000001e+000	3.909741e-004
1.180000000000001e+000	3.919638e-004
1.190000000000001e+000	3.929146e-004
1.200000000000001e+000	3.938291e-004
1.210000000000001e+000	3.947098e-004
1.220000000000001e+000	3.955590e-004
1.230000000000001e+000	3.963788e-004
1.240000000000001e+000	3.971714e-004
1.250000000000001e+000	3.979387e-004
1.260000000000001e+000	3.986824e-004
1.270000000000001e+000	3.994042e-004
1.280000000000001e+000	4.001057e-004
1.290000000000001e+000	4.007882e-004
1.300000000000001e+000	4.014532e-004
1.310000000000001e+000	4.021017e-004
1.320000000000001e+000	4.027350e-004
1.330000000000001e+000	4.033540e-004
1.340000000000001e+000	4.039597e-004
1.350000000000001e+000	4.045530e-004
1.360000000000001e+000	4.051347e-004
1.370000000000001e+000	4.057055e-004
1.380000000000001e+000	4.062661e-004
1.390000000000001e+000	4.068172e-004
1.400000000000001e+000	4.073592e-004
1.410000000000001e+000	4.078928e-004
1.420000000000001e+000	4.084185e-004
1.430000000000001e+000	4.089367e-004
1.440000000000001e+000	4.094478e-004
1.450000000000001e+000	4.099523e-004
1.460000000000001e+000	4.104504e-004
1.470000000000001e+000	4.109426e-004
1.480000000000001e+000	4.114292e-004
1.490000000000001e+000	4.119104e-004
1.500000000000001e+000	4.123865e-004
1.510000000000001e+000	4.128578e-004
1.520000000000001e+000	4.133245e-004
1.530000000000001e+000	4.137869e-004
1.540000000000001e+000	4.142451e-004
1.550000000000001e+000	4.146993e-004
1.560000000000001e+000	4.151498e-004
1.570000000000001e+000	4.155966e-004
1.580000000000001e+000	4.160400e-004
1.590000000000001e+000	4.164801e-004
1.600000000000001e+000	4.169170e-004
1.610000000000001e+000	4.173509e-004
1.620000000000001e+000	4.177819e-004
1.630000000000001e+000	4.182101e-004
1.640000000000001e+000	4.186356e-004
1.650000000000001e+000	4.190586e-004
1.660000000000001e+000	4.194791e-004
1.670000000000001e+000	4.198972e-004
1.680000000000001e+000	4.203130e-004
1.690000000000001e+000	4.207266e-004
1.700000000000001e+000	4.211380e-004
1.710000000000001e+000	4.215474e-004
1.720000000000001e+000	4.219548e-004
1.730000000000001e+000	4.223603e-004
1.740000000000001e+000	4.227640e-004
1.750000000000001e+000	4.231658e-004
1.760000000000001e+000	4.235659e-004
1.770000000000001e+000	4.239643e-004
1.780000000000001e+000	4.243611e-004
1.790000000000001e+000	4.247563e-004
1.800000000000001e+000	4.251499e-004
1.810000000000001e+000	4.255421e-004
1.820000000000001e+000	4.259328e-004
1.830000000000001e+000	4.263221e-004
1.840000000000001e+000	4.267100e-004
1.850000000000001e+000	4.270966e-004
1.860000000000001e+000	4.274819e-004
1.870000000000001e+000	4.278659e-004
1.880000000000001e+000	4.282488e-004
1.890000000000002e+000	4.286304e-004
1.900000000000002e+000	4.290108e-004
1.910000000000002e+000	4.293901e-004
1.920000000000002e+000	4.297683e-004
1.930000000000002e+000	4.301454e-004
1.940000000000002e+000	4.305215e-004
1.950000000000002e+000	4.308965e-004
1.960000000000002e+000	4.312705e-004
1.970000000000002e+000	4.316435e-004
1.980000000000002e+000	4.320155e-004
1.990000000000002e+000	4.323866e-004
2.000000000000001e+000	4.327568e-004
2.010000000000001e+000	4.331261e-004
2.020000000000001e+000	4.334944e-004
2.030000000000001e+000	4.338619e-004
2.040000000000001e+000	4.342286e-004
2.050000000000000e+000	4.345944e-004
2.060000000000000e+000	4.349595e-004
2.070000000000000e+000	4.353237e-004
2.080000000000000e+000	4.356871e-004
2.089999999999999e+000	4.360498e-004
2.099999999999999e+000	4.364117e-004
2.109999999999999e+000	4.367729e-004
2.119999999999999e+000	4.371334e-004
2.129999999999999e+000	4.374931e-004
2.139999999999998e+000	4.378522e-004
2.149999999999998e+000	4.382106e-004
2.159999999999998e+000	4.385684e-004
2.169999999999998e+000	4.389255e-004
2.179999999999998e+000	4.392820e-004
2.189999999999997e+000	4.396379e-004
2.199999999999997e+000	4.399932e-004
2.209999999999997e+000	4.403480e-004
2.219999999999997e+000	4.407022e-004
2.229999999999996e+000	4.410559e-004
2.239999999999996e+000	4.414091e-004
2.249999999999996e+000	4.417618e-004
2.259999999999996e+000	4.421141e-004
2.269999999999996e+000	4.424659e-004
2.279999999999995e+000	4.428175e-004
2.289999999999995e+000	4.431687e-004
2.299999999999995e+000	4.435196e-004
2.309999999999995e+000	4.438703e-004
2.319999999999995e+000	4.442208e-004
2.329999999999994e+000	4.445712e-004
2.339999999999994e+000	4.449216e-004
2.349999999999994e+000	4.452722e-004
2.359999999999994e+000	4.456228e-004
2.369999999999993e+000	4.459738e-004
2.379999999999993e+000	4.463253e-004
2.389999999999993e+000	4.466773e-004
2.399999999999993e+000	4.470301e-004
2.409999999999993e+000	4.473839e-004
2.419999999999992e+000	4.477389e-004
2.429999999999992e+000	4.480953e-004
2.439999999999992e+000	4.484536e-004
2.449999999999992e+000	4.488139e-004
2.459999999999992e+000	4.491767e-004
2.469999999999991e+000	4.495424e-004
2.479999999999991e+000	4.499116e-004
2.489999999999991e+000	4.502847e-004
2.500000000000000e+000	4.506623e-004
Step Information: V2=2.5  (Run: 6/7)
0.000000000000000e+000	-3.460435e-007
1.000000000000000e-002	4.465345e-006
2.000000000000000e-002	9.263145e-006
3.000000000000000e-002	1.404725e-005
4.000000000000000e-002	1.881749e-005
5.000000000000000e-002	2.357377e-005
6.000000000000001e-002	2.831601e-005
7.000000000000001e-002	3.304417e-005
8.000000000000000e-002	3.775819e-005
9.000000000000000e-002	4.245802e-005
9.999999999999999e-002	4.714363e-005
1.100000000000000e-001	5.181496e-005
1.200000000000000e-001	5.647197e-005
1.300000000000000e-001	6.111461e-005
1.400000000000000e-001	6.574283e-005
1.500000000000000e-001	7.035657e-005
1.600000000000000e-001	7.495581e-005
1.700000000000000e-001	7.954047e-005
1.800000000000000e-001	8.411051e-005
1.900000000000000e-001	8.866588e-005
2.000000000000000e-001	9.320654e-005
2.100000000000001e-001	9.773242e-005
2.200000000000001e-001	1.022435e-004
2.300000000000001e-001	1.067397e-004
2.400000000000001e-001	1.112209e-004
2.500000000000001e-001	1.156872e-004
2.600000000000001e-001	1.201384e-004
2.700000000000001e-001	1.245746e-004
2.800000000000001e-001	1.289956e-004
2.900000000000001e-001	1.334014e-004
3.000000000000001e-001	1.377919e-004
3.100000000000001e-001	1.421672e-004
3.200000000000001e-001	1.465270e-004
3.300000000000001e-001	1.508715e-004
3.400000000000001e-001	1.552005e-004
3.500000000000001e-001	1.595139e-004
3.600000000000002e-001	1.638118e-004
3.700000000000002e-001	1.680940e-004
3.800000000000002e-001	1.723605e-004
3.900000000000002e-001	1.766112e-004
4.000000000000002e-001	1.808461e-004
4.100000000000002e-001	1.850650e-004
4.200000000000002e-001	1.892681e-004
4.300000000000002e-001	1.934551e-004
4.400000000000002e-001	1.976260e-004
4.500000000000002e-001	2.017808e-004
4.600000000000002e-001	2.059194e-004
4.700000000000003e-001	2.100416e-004
4.800000000000003e-001	2.141476e-004
4.900000000000003e-001	2.182371e-004
5.000000000000002e-001	2.223102e-004
5.100000000000002e-001	2.263667e-004
5.200000000000002e-001	2.304066e-004
5.300000000000003e-001	2.344298e-004
5.400000000000003e-001	2.384363e-004
5.500000000000003e-001	2.424259e-004
5.600000000000003e-001	2.463986e-004
5.700000000000003e-001	2.503543e-004
5.800000000000003e-001	2.542930e-004
5.900000000000003e-001	2.582145e-004
6.000000000000003e-001	2.621188e-004
6.100000000000003e-001	2.660058e-004
6.200000000000003e-001	2.698754e-004
6.300000000000003e-001	2.737275e-004
6.400000000000004e-001	2.775621e-004
6.500000000000004e-001	2.813791e-004
6.600000000000004e-001	2.851783e-004
6.700000000000004e-001	2.889597e-004
6.800000000000004e-001	2.927231e-004
6.900000000000004e-001	2.964686e-004
7.000000000000004e-001	3.001959e-004
7.100000000000004e-001	3.039049e-004
7.200000000000004e-001	3.075957e-004
7.300000000000004e-001	3.112680e-004
7.400000000000004e-001	3.149218e-004
7.500000000000004e-001	3.185568e-004
7.600000000000005e-001	3.221732e-004
7.700000000000005e-001	3.257706e-004
7.800000000000005e-001	3.293489e-004
7.900000000000005e-001	3.329081e-004
8.000000000000005e-001	3.364480e-004
8.100000000000005e-001	3.399684e-004
8.200000000000005e-001	3.434692e-004
8.300000000000005e-001	3.469503e-004
8.400000000000005e-001	3.504115e-004
8.500000000000005e-001	3.538526e-004
8.600000000000005e-001	3.572734e-004
8.700000000000006e-001	3.606738e-004
8.800000000000006e-001	3.640535e-004
8.900000000000006e-001	3.674124e-004
9.000000000000006e-001	3.707503e-004
9.100000000000006e-001	3.740669e-004
9.200000000000006e-001	3.773620e-004
9.300000000000006e-001	3.806353e-004
9.400000000000006e-001	3.838867e-004
9.500000000000006e-001	3.871157e-004
9.600000000000006e-001	3.903222e-004
9.700000000000006e-001	3.935057e-004
9.800000000000007e-001	3.966661e-004
9.900000000000007e-001	3.998028e-004
1.000000000000001e+000	4.029157e-004
1.010000000000001e+000	4.060042e-004
1.020000000000001e+000	4.090679e-004
1.030000000000001e+000	4.121064e-004
1.040000000000001e+000	4.151192e-004
1.050000000000001e+000	4.181059e-004
1.060000000000001e+000	4.210657e-004
1.070000000000001e+000	4.239983e-004
1.080000000000001e+000	4.269028e-004
1.090000000000001e+000	4.297787e-004
1.100000000000001e+000	4.326253e-004
1.110000000000001e+000	4.354417e-004
1.120000000000001e+000	4.382272e-004
1.130000000000001e+000	4.409808e-004
1.140000000000001e+000	4.437017e-004
1.150000000000001e+000	4.463888e-004
1.160000000000001e+000	4.490412e-004
1.170000000000001e+000	4.516576e-004
1.180000000000001e+000	4.542368e-004
1.190000000000001e+000	4.567777e-004
1.200000000000001e+000	4.592790e-004
1.210000000000001e+000	4.617391e-004
1.220000000000001e+000	4.641569e-004
1.230000000000001e+000	4.665307e-004
1.240000000000001e+000	4.688591e-004
1.250000000000001e+000	4.711406e-004
1.260000000000001e+000	4.733738e-004
1.270000000000001e+000	4.755571e-004
1.280000000000001e+000	4.776892e-004
1.290000000000001e+000	4.797687e-004
1.300000000000001e+000	4.817944e-004
1.310000000000001e+000	4.837652e-004
1.320000000000001e+000	4.856803e-004
1.330000000000001e+000	4.875388e-004
1.340000000000001e+000	4.893404e-004
1.350000000000001e+000	4.910848e-004
1.360000000000001e+000	4.927720e-004
1.370000000000001e+000	4.944024e-004
1.380000000000001e+000	4.959764e-004
1.390000000000001e+000	4.974951e-004
1.400000000000001e+000	4.989594e-004
1.410000000000001e+000	5.003709e-004
1.420000000000001e+000	5.017308e-004
1.430000000000001e+000	5.030410e-004
1.440000000000001e+000	5.043033e-004
1.450000000000001e+000	5.055197e-004
1.460000000000001e+000	5.066923e-004
1.470000000000001e+000	5.078231e-004
1.480000000000001e+000	5.089141e-004
1.490000000000001e+000	5.099676e-004
1.500000000000001e+000	5.109854e-004
1.510000000000001e+000	5.119697e-004
1.520000000000001e+000	5.129224e-004
1.530000000000001e+000	5.138452e-004
1.540000000000001e+000	5.147401e-004
1.550000000000001e+000	5.156087e-004
1.560000000000001e+000	5.164526e-004
1.570000000000001e+000	5.172733e-004
1.580000000000001e+000	5.180723e-004
1.590000000000001e+000	5.188509e-004
1.600000000000001e+000	5.196103e-004
1.610000000000001e+000	5.203517e-004
1.620000000000001e+000	5.210763e-004
1.630000000000001e+000	5.217849e-004
1.640000000000001e+000	5.224787e-004
1.650000000000001e+000	5.231585e-004
1.660000000000001e+000	5.238251e-004
1.670000000000001e+000	5.244792e-004
1.680000000000001e+000	5.251216e-004
1.690000000000001e+000	5.257530e-004
1.700000000000001e+000	5.263739e-004
1.710000000000001e+000	5.269850e-004
1.720000000000001e+000	5.275868e-004
1.730000000000001e+000	5.281797e-004
1.740000000000001e+000	5.287643e-004
1.750000000000001e+000	5.293411e-004
1.760000000000001e+000	5.299103e-004
1.770000000000001e+000	5.304723e-004
1.780000000000001e+000	5.310277e-004
1.790000000000001e+000	5.315765e-004
1.800000000000001e+000	5.321192e-004
1.810000000000001e+000	5.326562e-004
1.820000000000001e+000	5.331875e-004
1.830000000000001e+000	5.337136e-004
1.840000000000001e+000	5.342345e-004
1.850000000000001e+000	5.347506e-004
1.860000000000001e+000	5.352621e-004
1.870000000000001e+000	5.357691e-004
1.880000000000001e+000	5.362719e-004
1.890000000000002e+000	5.367706e-004
1.900000000000002e+000	5.372654e-004
1.910000000000002e+000	5.377564e-004
1.920000000000002e+000	5.382439e-004
1.930000000000002e+000	5.387279e-004
1.940000000000002e+000	5.392085e-004
1.950000000000002e+000	5.396859e-004
1.960000000000002e+000	5.401602e-004
1.970000000000002e+000	5.406316e-004
1.980000000000002e+000	5.411000e-004
1.990000000000002e+000	5.415658e-004
2.000000000000001e+000	5.420287e-004
2.010000000000001e+000	5.424892e-004
2.020000000000001e+000	5.429471e-004
2.030000000000001e+000	5.434026e-004
2.040000000000001e+000	5.438557e-004
2.050000000000000e+000	5.443066e-004
2.060000000000000e+000	5.447553e-004
2.070000000000000e+000	5.452018e-004
2.080000000000000e+000	5.456462e-004
2.089999999999999e+000	5.460886e-004
2.099999999999999e+000	5.465291e-004
2.109999999999999e+000	5.469677e-004
2.119999999999999e+000	5.474044e-004
2.129999999999999e+000	5.478393e-004
2.139999999999998e+000	5.482725e-004
2.149999999999998e+000	5.487039e-004
2.159999999999998e+000	5.491338e-004
2.169999999999998e+000	5.495620e-004
2.179999999999998e+000	5.499886e-004
2.189999999999997e+000	5.504137e-004
2.199999999999997e+000	5.508373e-004
2.209999999999997e+000	5.512593e-004
2.219999999999997e+000	5.516800e-004
2.229999999999996e+000	5.520993e-004
2.239999999999996e+000	5.525172e-004
2.249999999999996e+000	5.529338e-004
2.259999999999996e+000	5.533491e-004
2.269999999999996e+000	5.537631e-004
2.279999999999995e+000	5.541758e-004
2.289999999999995e+000	5.545873e-004
2.299999999999995e+000	5.549976e-004
2.309999999999995e+000	5.554068e-004
2.319999999999995e+000	5.558148e-004
2.329999999999994e+000	5.562217e-004
2.339999999999994e+000	5.566275e-004
2.349999999999994e+000	5.570322e-004
2.359999999999994e+000	5.574358e-004
2.369999999999993e+000	5.578384e-004
2.379999999999993e+000	5.582400e-004
2.389999999999993e+000	5.586406e-004
2.399999999999993e+000	5.590402e-004
2.409999999999993e+000	5.594388e-004
2.419999999999992e+000	5.598366e-004
2.429999999999992e+000	5.602334e-004
2.439999999999992e+000	5.606292e-004
2.449999999999992e+000	5.610243e-004
2.459999999999992e+000	5.614185e-004
2.469999999999991e+000	5.618118e-004
2.479999999999991e+000	5.622043e-004
2.489999999999991e+000	5.625961e-004
2.500000000000000e+000	5.629870e-004
Step Information: V2=3  (Run: 7/7)
0.000000000000000e+000	-4.526607e-006
1.000000000000000e-002	3.633600e-007
2.000000000000000e-002	5.243036e-006
3.000000000000000e-002	1.011110e-005
4.000000000000000e-002	1.496679e-005
5.000000000000000e-002	1.980982e-005
6.000000000000001e-002	2.464008e-005
7.000000000000001e-002	2.945757e-005
8.000000000000000e-002	3.426227e-005
9.000000000000000e-002	3.905420e-005
9.999999999999999e-002	4.383337e-005
1.100000000000000e-001	4.859976e-005
1.200000000000000e-001	5.335339e-005
1.300000000000000e-001	5.809426e-005
1.400000000000000e-001	6.282235e-005
1.500000000000000e-001	6.753767e-005
1.600000000000000e-001	7.224020e-005
1.700000000000000e-001	7.692995e-005
1.800000000000000e-001	8.160690e-005
1.900000000000000e-001	8.627104e-005
2.000000000000000e-001	9.092235e-005
2.100000000000001e-001	9.556084e-005
2.200000000000001e-001	1.001865e-004
2.300000000000001e-001	1.047993e-004
2.400000000000001e-001	1.093992e-004
2.500000000000001e-001	1.139862e-004
2.600000000000001e-001	1.185604e-004
2.700000000000001e-001	1.231216e-004
2.800000000000001e-001	1.276699e-004
2.900000000000001e-001	1.322052e-004
3.000000000000001e-001	1.367276e-004
3.100000000000001e-001	1.412370e-004
3.200000000000001e-001	1.457334e-004
3.300000000000001e-001	1.502167e-004
3.400000000000001e-001	1.546871e-004
3.500000000000001e-001	1.591444e-004
3.600000000000002e-001	1.635886e-004
3.700000000000002e-001	1.680197e-004
3.800000000000002e-001	1.724376e-004
3.900000000000002e-001	1.768425e-004
4.000000000000002e-001	1.812341e-004
4.100000000000002e-001	1.856126e-004
4.200000000000002e-001	1.899779e-004
4.300000000000002e-001	1.943299e-004
4.400000000000002e-001	1.986687e-004
4.500000000000002e-001	2.029942e-004
4.600000000000002e-001	2.073063e-004
4.700000000000003e-001	2.116051e-004
4.800000000000003e-001	2.158906e-004
4.900000000000003e-001	2.201627e-004
5.000000000000002e-001	2.244213e-004
5.100000000000002e-001	2.286665e-004
5.200000000000002e-001	2.328982e-004
5.300000000000003e-001	2.371164e-004
5.400000000000003e-001	2.413211e-004
5.500000000000003e-001	2.455122e-004
5.600000000000003e-001	2.496897e-004
5.700000000000003e-001	2.538535e-004
5.800000000000003e-001	2.580037e-004
5.900000000000003e-001	2.621402e-004
6.000000000000003e-001	2.662629e-004
6.100000000000003e-001	2.703719e-004
6.200000000000003e-001	2.744671e-004
6.300000000000003e-001	2.785484e-004
6.400000000000004e-001	2.826159e-004
6.500000000000004e-001	2.866694e-004
6.600000000000004e-001	2.907090e-004
6.700000000000004e-001	2.947346e-004
6.800000000000004e-001	2.987462e-004
6.900000000000004e-001	3.027437e-004
7.000000000000004e-001	3.067270e-004
7.100000000000004e-001	3.106963e-004
7.200000000000004e-001	3.146513e-004
7.300000000000004e-001	3.185920e-004
7.400000000000004e-001	3.225185e-004
7.500000000000004e-001	3.264307e-004
7.600000000000005e-001	3.303284e-004
7.700000000000005e-001	3.342118e-004
7.800000000000005e-001	3.380806e-004
7.900000000000005e-001	3.419350e-004
8.000000000000005e-001	3.457748e-004
8.100000000000005e-001	3.495999e-004
8.200000000000005e-001	3.534103e-004
8.300000000000005e-001	3.572060e-004
8.400000000000005e-001	3.609869e-004
8.500000000000005e-001	3.647530e-004
8.600000000000005e-001	3.685041e-004
8.700000000000006e-001	3.722403e-004
8.800000000000006e-001	3.759614e-004
8.900000000000006e-001	3.796675e-004
9.000000000000006e-001	3.833584e-004
9.100000000000006e-001	3.870340e-004
9.200000000000006e-001	3.906943e-004
9.300000000000006e-001	3.943393e-004
9.400000000000006e-001	3.979688e-004
9.500000000000006e-001	4.015829e-004
9.600000000000006e-001	4.051813e-004
9.700000000000006e-001	4.087640e-004
9.800000000000007e-001	4.123309e-004
9.900000000000007e-001	4.158820e-004
1.000000000000001e+000	4.194172e-004
1.010000000000001e+000	4.229363e-004
1.020000000000001e+000	4.264394e-004
1.030000000000001e+000	4.299261e-004
1.040000000000001e+000	4.333966e-004
1.050000000000001e+000	4.368506e-004
1.060000000000001e+000	4.402880e-004
1.070000000000001e+000	4.437088e-004
1.080000000000001e+000	4.471127e-004
1.090000000000001e+000	4.504998e-004
1.100000000000001e+000	4.538698e-004
1.110000000000001e+000	4.572226e-004
1.120000000000001e+000	4.605581e-004
1.130000000000001e+000	4.638761e-004
1.140000000000001e+000	4.671764e-004
1.150000000000001e+000	4.704590e-004
1.160000000000001e+000	4.737235e-004
1.170000000000001e+000	4.769698e-004
1.180000000000001e+000	4.801978e-004
1.190000000000001e+000	4.834072e-004
1.200000000000001e+000	4.865977e-004
1.210000000000001e+000	4.897693e-004
1.220000000000001e+000	4.929216e-004
1.230000000000001e+000	4.960544e-004
1.240000000000001e+000	4.991673e-004
1.250000000000001e+000	5.022602e-004
1.260000000000001e+000	5.053326e-004
1.270000000000001e+000	5.083844e-004
1.280000000000001e+000	5.114151e-004
1.290000000000001e+000	5.144243e-004
1.300000000000001e+000	5.174118e-004
1.310000000000001e+000	5.203770e-004
1.320000000000001e+000	5.233196e-004
1.330000000000001e+000	5.262390e-004
1.340000000000001e+000	5.291348e-004
1.350000000000001e+000	5.320064e-004
1.360000000000001e+000	5.348533e-004
1.370000000000001e+000	5.376748e-004
1.380000000000001e+000	5.404704e-004
1.390000000000001e+000	5.432392e-004
1.400000000000001e+000	5.459808e-004
1.410000000000001e+000	5.486942e-004
1.420000000000001e+000	5.513785e-004
1.430000000000001e+000	5.540331e-004
1.440000000000001e+000	5.566570e-004
1.450000000000001e+000	5.592491e-004
1.460000000000001e+000	5.618085e-004
1.470000000000001e+000	5.643342e-004
1.480000000000001e+000	5.668250e-004
1.490000000000001e+000	5.692798e-004
1.500000000000001e+000	5.716974e-004
1.510000000000001e+000	5.740767e-004
1.520000000000001e+000	5.764163e-004
1.530000000000001e+000	5.787150e-004
1.540000000000001e+000	5.809716e-004
1.550000000000001e+000	5.831848e-004
1.560000000000001e+000	5.853535e-004
1.570000000000001e+000	5.874765e-004
1.580000000000001e+000	5.895527e-004
1.590000000000001e+000	5.915811e-004
1.600000000000001e+000	5.935608e-004
1.610000000000001e+000	5.954910e-004
1.620000000000001e+000	5.973712e-004
1.630000000000001e+000	5.992009e-004
1.640000000000001e+000	6.009798e-004
1.650000000000001e+000	6.027078e-004
1.660000000000001e+000	6.043852e-004
1.670000000000001e+000	6.060122e-004
1.680000000000001e+000	6.075893e-004
1.690000000000001e+000	6.091174e-004
1.700000000000001e+000	6.105972e-004
1.710000000000001e+000	6.120299e-004
1.720000000000001e+000	6.134166e-004
1.730000000000001e+000	6.147589e-004
1.740000000000001e+000	6.160580e-004
1.750000000000001e+000	6.173156e-004
1.760000000000001e+000	6.185332e-004
1.770000000000001e+000	6.197125e-004
1.780000000000001e+000	6.208553e-004
1.790000000000001e+000	6.219630e-004
1.800000000000001e+000	6.230375e-004
1.810000000000001e+000	6.240802e-004
1.820000000000001e+000	6.250929e-004
1.830000000000001e+000	6.260772e-004
1.840000000000001e+000	6.270343e-004
1.850000000000001e+000	6.279660e-004
1.860000000000001e+000	6.288734e-004
1.870000000000001e+000	6.297579e-004
1.880000000000001e+000	6.306208e-004
1.890000000000002e+000	6.314633e-004
1.900000000000002e+000	6.322865e-004
1.910000000000002e+000	6.330914e-004
1.920000000000002e+000	6.338790e-004
1.930000000000002e+000	6.346504e-004
1.940000000000002e+000	6.354064e-004
1.950000000000002e+000	6.361477e-004
1.960000000000002e+000	6.368752e-004
1.970000000000002e+000	6.375897e-004
1.980000000000002e+000	6.382918e-004
1.990000000000002e+000	6.389820e-004
2.000000000000001e+000	6.396613e-004
2.010000000000001e+000	6.403299e-004
2.020000000000001e+000	6.409885e-004
2.030000000000001e+000	6.416375e-004
2.040000000000001e+000	6.422775e-004
2.050000000000000e+000	6.429089e-004
2.060000000000000e+000	6.435320e-004
2.070000000000000e+000	6.441473e-004
2.080000000000000e+000	6.447552e-004
2.089999999999999e+000	6.453559e-004
2.099999999999999e+000	6.459498e-004
2.109999999999999e+000	6.465372e-004
2.119999999999999e+000	6.471184e-004
2.129999999999999e+000	6.476936e-004
2.139999999999998e+000	6.482631e-004
2.149999999999998e+000	6.488272e-004
2.159999999999998e+000	6.493860e-004
2.169999999999998e+000	6.499398e-004
2.179999999999998e+000	6.504888e-004
2.189999999999997e+000	6.510331e-004
2.199999999999997e+000	6.515729e-004
2.209999999999997e+000	6.521085e-004
2.219999999999997e+000	6.526400e-004
2.229999999999996e+000	6.531674e-004
2.239999999999996e+000	6.536910e-004
2.249999999999996e+000	6.542109e-004
2.259999999999996e+000	6.547272e-004
2.269999999999996e+000	6.552401e-004
2.279999999999995e+000	6.557496e-004
2.289999999999995e+000	6.562559e-004
2.299999999999995e+000	6.567591e-004
2.309999999999995e+000	6.572593e-004
2.319999999999995e+000	6.577565e-004
2.329999999999994e+000	6.582509e-004
2.339999999999994e+000	6.587425e-004
2.349999999999994e+000	6.592315e-004
2.359999999999994e+000	6.597179e-004
2.369999999999993e+000	6.602017e-004
2.379999999999993e+000	6.606831e-004
2.389999999999993e+000	6.611622e-004
2.399999999999993e+000	6.616389e-004
2.409999999999993e+000	6.621134e-004
2.419999999999992e+000	6.625857e-004
2.429999999999992e+000	6.630558e-004
2.439999999999992e+000	6.635239e-004
2.449999999999992e+000	6.639899e-004
2.459999999999992e+000	6.644540e-004
2.469999999999991e+000	6.649161e-004
2.479999999999991e+000	6.653763e-004
2.489999999999991e+000	6.658347e-004
2.500000000000000e+000	6.662913e-004
